0.669161
0.540003
0.146775
0.152464
0.20603
0.213052
0.208281
0.152996
0.131299
0.0865737
0.158178
0.103827
0.134598
0.119459
0.131172
0.151931
0.267622
0.260785
0.127011
0.213341
0.256297
0.354004
0.297186
0.307969
0.300876
0.230507
0.158005
0.194535
0.242746
0.257339
0.29291
0.17517
0.24828
0.117881
0.162074
0.182772
0.334782
0.325091
0.382956
0.357348
0.49461
0.682379
0.792021
0.796982
0.468576
0.659904
0.338362
0.195421
0.23145
0.759243
0.858619
0.880977
0.883384
0.858083
0.865205
0.837517
0.740837
0.631869
0.586594
0.510742
0.271926
0.0905372
0.138814
0.398245
0.591491
0.598693
0.734577
0.775122
0.875551
0.839883
0.860069
0.862703
0.8166
0.728009
0.849026
0.776685
0.470866
0.264158
0.204086
0.279721
0.13317
0.135275
0.151748
0.124935
0.15456
0.0986785
0.140824
0.199452
0.154166
0.20686
0.162134
0.125691
0.0768031
0.172113
0.59488
0.714688
0.871743
0.843396
0.713207
0.829851
0.859752
0.857474
0.85964
0.863387
0.860246
0.862612
0.844997
0.783608
0.84594
0.86942
0.8702
0.864972
0.865681
0.87687
0.767977
0.502984
0.185891
0.16933
0.30479
0.706227
0.795068
0.870813
0.871835
0.83775
0.60212
0.358721
0.208665
0.259678
0.160959
0.17538
0.209474
0.660901
0.727472
0.767061
0.846837
0.772168
0.844306
0.860149
0.863164
0.867476
0.664682
0.188471
0.195747
0.127275
0.164448
0.345415
0.205745
0.330975
0.0543819
0.270438
0.14462
0.15528
0.249453
0.276405
0.467618
0.6431
0.80693
0.775328
0.791331
0.827773
0.81986
0.818153
0.823861
0.807332
0.829863
0.834065
0.826187
0.832472
0.835788
0.83208
0.840428
0.775593
0.850039
0.83695
0.844856
0.843152
0.831317
0.833525
0.844128
0.786759
0.695275
0.188807
0.205997
0.142608
0.190891
0.229939
0.195041
0.159872
0.159008
0.187516
0.252726
0.422165
0.364848
0.180314
0.173824
0.149088
0.181948
0.285365
