400.668
1302.17
2020.03
2237.06
2120.2
2203.67
2337.23
2253.76
2120.2
2120.2
2337.23
2671.12
2804.67
2637.73
2203.67
1853.09
1803.01
1786.31
1853.09
1702.84
1752.92
1886.48
1886.48
1752.92
1769.62
1869.78
1636.06
1535.89
1686.14
1552.59
1786.31
2020.03
1736.23
1752.92
1969.95
1903.17
1702.84
1702.84
1435.73
968.28
1185.31
1335.56
1168.61
1051.75
584.307
450.751
1185.31
3973.29
4323.87
1535.89
651.085
701.169
818.03
901.503
801.336
918.197
1235.39
767.947
233.723
350.584
701.169
1135.23
818.03
400.668
400.668
333.89
450.751
517.529
517.529
617.696
784.641
818.03
617.696
333.89
233.723
217.028
550.918
868.114
968.28
1335.56
1552.59
2587.65
4924.87
6527.55
6744.57
7078.46
7579.3
7729.55
7829.72
6994.99
4156.93
2120.2
2020.03
2220.37
1519.2
601.002
684.474
701.169
467.446
233.723
233.723
233.723
233.723
233.723
233.723
250.417
250.417
367.279
500.835
484.14
500.835
517.529
534.224
534.224
851.419
3138.56
5959.93
6043.41
3839.73
1385.64
317.195
250.417
233.723
250.417
500.835
1068.45
2570.95
3171.95
2337.23
1969.95
1502.5
868.114
601.002
784.641
767.947
434.057
250.417
250.417
250.417
233.723
534.224
1402.34
3522.54
5191.99
4390.65
3539.23
2821.37
1752.92
1068.45
1085.14
1869.78
2337.23
2103.51
1686.14
1419.03
1135.23
1068.45
934.891
784.641
784.641
734.558
717.863
701.169
717.863
717.863
651.085
617.696
484.14
300.501
217.028
200.334
200.334
217.028
217.028
200.334
183.639
200.334
217.028
233.723
267.112
1235.39
4941.57
7863.1
7863.1
7779.63
7879.8
7712.85
7212.02
6711.19
4874.79
2270.45
1218.7
1535.89
2470.78
2804.67
2804.67
2871.45
2754.59
